[gd_scene load_steps=15 format=3 uid="uid://bo68d8c8g30a6"]

[ext_resource type="Script" path="res://scenes/v01_game_object_and_scripts/Clock.cs" id="1_48b36"]
[ext_resource type="PackedScene" uid="uid://bt5iutycyud2j" path="res://scenes/v01_game_object_and_scripts/clock_count.tscn" id="1_aqmif"]

[sub_resource type="StandardMaterial3D" id="StandardMaterial3D_62pni"]
albedo_color = Color(1, 0.647059, 0, 1)
metallic = 0.1
roughness = 0.1

[sub_resource type="StandardMaterial3D" id="StandardMaterial3D_kmw8d"]
albedo_color = Color(1, 1, 0, 1)
metallic = 0.1
roughness = 0.1

[sub_resource type="StandardMaterial3D" id="StandardMaterial3D_fxm62"]
albedo_color = Color(0, 1, 0, 1)
metallic = 0.1
roughness = 0.1

[sub_resource type="StandardMaterial3D" id="StandardMaterial3D_fon1g"]
albedo_color = Color(0, 1, 1, 1)
metallic = 0.1
roughness = 0.1

[sub_resource type="StandardMaterial3D" id="StandardMaterial3D_6cma1"]
albedo_color = Color(0, 0, 1, 1)
metallic = 0.1
roughness = 0.1

[sub_resource type="StandardMaterial3D" id="StandardMaterial3D_0s2ja"]
albedo_color = Color(0.627451, 0.12549, 0.941176, 1)
metallic = 0.1
roughness = 0.1

[sub_resource type="StandardMaterial3D" id="StandardMaterial3D_g56o4"]
albedo_color = Color(0.545098, 0, 0, 1)
metallic = 0.1
roughness = 0.1

[sub_resource type="StandardMaterial3D" id="StandardMaterial3D_evot6"]
albedo_color = Color(1, 0.54902, 0, 1)
metallic = 0.1
roughness = 0.1

[sub_resource type="StandardMaterial3D" id="StandardMaterial3D_o1wqw"]
albedo_color = Color(0.721569, 0.52549, 0.0431373, 1)
metallic = 0.1
roughness = 0.1

[sub_resource type="StandardMaterial3D" id="StandardMaterial3D_gecr5"]
albedo_color = Color(0, 0.392157, 0, 1)
metallic = 0.1
roughness = 0.1

[sub_resource type="StandardMaterial3D" id="StandardMaterial3D_u0o05"]
albedo_color = Color(0, 0.545098, 0.545098, 1)
metallic = 0.1
roughness = 0.1

[sub_resource type="StandardMaterial3D" id="StandardMaterial3D_o043l"]
albedo_color = Color(1, 0, 0, 1)
metallic = 0.1
roughness = 0.1

[node name="CSGCylinder3D" type="CSGCylinder3D"]
transform = Transform3D(1, 0, 0, 0, -4.37114e-08, -1, 0, 1, -4.37114e-08, 0, 0, 0)
radius = 1.0
height = 0.1
sides = 16
script = ExtResource("1_48b36")

[node name="ClockCount1" parent="." instance=ExtResource("1_aqmif")]
transform = Transform3D(0.866025, 0, -0.5, -0.320631, -0.767322, -0.555349, -0.383661, 0.641262, -0.66452, 0.4, 0.06, -0.69282)
material = SubResource("StandardMaterial3D_62pni")

[node name="ClockCount2" parent="." instance=ExtResource("1_aqmif")]
transform = Transform3D(0.5, 0, -0.866025, 0, 1, 0, 0.866025, 0, 0.5, 0.69282, 0.06, -0.4)
material = SubResource("StandardMaterial3D_kmw8d")

[node name="ClockCount3" parent="." instance=ExtResource("1_aqmif")]
transform = Transform3D(-4.37114e-08, 0, -1, 0, 1, 0, 1, 0, -4.37114e-08, 0.8, 0.06, 3.49691e-08)
material = SubResource("StandardMaterial3D_fxm62")

[node name="ClockCount4" parent="." instance=ExtResource("1_aqmif")]
transform = Transform3D(-0.5, 0, -0.866025, 0, 1, 0, 0.866025, 0, -0.5, 0.69282, 0.06, 0.4)
material = SubResource("StandardMaterial3D_fon1g")

[node name="ClockCount5" parent="." instance=ExtResource("1_aqmif")]
transform = Transform3D(-0.866025, 0, -0.5, 0, 1, 0, 0.5, 0, -0.866025, 0.4, 0.06, 0.69282)
material = SubResource("StandardMaterial3D_6cma1")

[node name="ClockCount6" parent="." instance=ExtResource("1_aqmif")]
transform = Transform3D(-1, 0, 8.74228e-08, 0, 1, 0, -8.74228e-08, 0, -1, -6.99382e-08, 0.06, 0.8)
material = SubResource("StandardMaterial3D_0s2ja")

[node name="ClockCount7" parent="." instance=ExtResource("1_aqmif")]
transform = Transform3D(-0.866025, 0, 0.5, 0, 1, 0, -0.5, 0, -0.866025, -0.4, 0.06, 0.69282)
material = SubResource("StandardMaterial3D_g56o4")

[node name="ClockCount8" parent="." instance=ExtResource("1_aqmif")]
transform = Transform3D(-0.5, 0, 0.866025, 0, 1, 0, -0.866025, 0, -0.5, -0.69282, 0.06, 0.4)
material = SubResource("StandardMaterial3D_evot6")

[node name="ClockCount9" parent="." instance=ExtResource("1_aqmif")]
transform = Transform3D(1.19249e-08, 0, 1, 0, 1, 0, -1, 0, 1.19249e-08, -0.8, 0.06, -9.5399e-09)
material = SubResource("StandardMaterial3D_o1wqw")

[node name="ClockCount10" parent="." instance=ExtResource("1_aqmif")]
transform = Transform3D(0.5, 0, 0.866025, 0, 1, 0, -0.866025, 0, 0.5, -0.69282, 0.06, -0.4)
material = SubResource("StandardMaterial3D_gecr5")

[node name="ClockCount11" parent="." instance=ExtResource("1_aqmif")]
transform = Transform3D(0.866025, 0, 0.5, 0, 1, 0, -0.5, 0, 0.866025, -0.4, 0.06, -0.69282)
material = SubResource("StandardMaterial3D_u0o05")

[node name="ClockCount12" parent="." instance=ExtResource("1_aqmif")]
transform = Transform3D(1, 0, 0, 0, 1, 0, 0, 0, 1, 0, 0.06, -0.8)
material = SubResource("StandardMaterial3D_o043l")
